DecisionTreeClassifier(random_state=42)
Training stats
Accuracy: 0.9351395730706076
F1 Score: 0.9190407870465258
Precision: 0.9933540097474524
Recall: 0.855072463768116

Test stats
Accuracy: 0.7353906762967827
F1 Score: 0.6694011484823625
Precision: 0.7157894736842105
Recall: 0.6286594761171033

