LogisticRegression(random_state=42)
Training stats
Accuracy: 0.9318555008210181
F1 Score: 0.9184195006880284
Precision: 0.9476673427991886
Recall: 0.8909229595728452

Test stats
Accuracy: 0.7544320420223244
F1 Score: 0.7105263157894738
Precision: 0.713841368584759
Recall: 0.7072419106317411

