LogisticRegression(random_state=42)
Training stats
Accuracy: 0.88351725345945
F1 Score: 0.8567119155354449
Precision: 0.8967072620658547
Recall: 0.8201320132013201

Test stats
Accuracy: 0.7762605042016807
F1 Score: 0.7350746268656716
Precision: 0.7766097240473062
Recall: 0.6977567886658795

