DecisionTreeClassifier(random_state=42)
Training stats
Accuracy: 0.9262567875284639
F1 Score: 0.904901739326858
Precision: 1.0
Recall: 0.8263201320132013

Test stats
Accuracy: 0.743172268907563
F1 Score: 0.6855305466237943
Precision: 0.7528248587570622
Recall: 0.6292798110979929

