RandomForestClassifier(random_state=42)
Training stats
Accuracy: 0.9817733990147783
F1 Score: 0.9785920925747348
Precision: 0.9898556379243074
Recall: 0.967581998474447

Test stats
Accuracy: 0.7879185817465528
F1 Score: 0.7265029635901777
Precision: 0.806390977443609
Recall: 0.6610169491525424

