LinearSVC(random_state=42)
Training stats
Accuracy: 0.8798029556650246
F1 Score: 0.8520016174686615
Precision: 0.9066265060240963
Recall: 0.8035850495804729

Test stats
Accuracy: 0.7918581746552856
F1 Score: 0.7399507793273177
Precision: 0.7912280701754386
Recall: 0.6949152542372882

