LinearSVC(random_state=42)
Training stats
Accuracy: 0.8498861446838325
F1 Score: 0.8065899345520198
Precision: 0.8903836571998007
Recall: 0.7372112211221122

Test stats
Accuracy: 0.7862394957983193
F1 Score: 0.7338129496402878
Precision: 0.8225806451612904
Recall: 0.6623376623376623

