RandomForestClassifier(random_state=42)
Training stats
Accuracy: 0.9973725696269049
F1 Score: 0.9968976215098242
Precision: 0.9995852343425964
Recall: 0.9942244224422442

Test stats
Accuracy: 0.7846638655462185
F1 Score: 0.7381864623243933
Precision: 0.803894297635605
Recall: 0.6824085005903188

