RandomForestClassifier(random_state=42)
Training stats
Accuracy: 0.9918666666666667
F1 Score: 0.9917612101566721
Precision: 0.9957960401410361
Recall: 0.987758945386064

Test stats
Accuracy: 0.737
F1 Score: 0.737157705376774
Precision: 0.756668034468609
Recall: 0.7186282151208107

