DecisionTreeClassifier(random_state=42)
Training stats
Accuracy: 0.7343333333333333
F1 Score: 0.6355071800969542
Precision: 0.9928551014575593
Recall: 0.46731234866828086

Test stats
Accuracy: 0.6394
F1 Score: 0.5190717524673246
Precision: 0.8224852071005917
Recall: 0.37918939984411537

