LogisticRegression(random_state=42)
Training stats
Accuracy: 0.8660625
F1 Score: 0.863198212575806
Precision: 0.8798802706923478
Recall: 0.8471369502568601

Test stats
Accuracy: 0.7455
F1 Score: 0.7410986775178027
Precision: 0.7616309461578672
Recall: 0.721644378405151

