LinearSVC(random_state=42)
Training stats
Accuracy: 0.8067333333333333
F1 Score: 0.7987783716249046
Precision: 0.8251828481284956
Recall: 0.7740112994350282

Test stats
Accuracy: 0.7498
F1 Score: 0.7456800162634681
Precision: 0.779430514237144
Recall: 0.7147310989867498

