LinearSVC(random_state=42)
Training stats
Accuracy: 0.8470625
F1 Score: 0.8446053216485679
Precision: 0.8562966778264228
Recall: 0.8332289186818694

Test stats
Accuracy: 0.753
F1 Score: 0.749238578680203
Precision: 0.7683498178032275
Recall: 0.7310549777117384

