LogisticRegression(random_state=42)
Training stats
Accuracy: 0.8282
F1 Score: 0.8223861051760977
Precision: 0.8432508833922262
Recall: 0.802528921172989

Test stats
Accuracy: 0.7394
F1 Score: 0.7341358906345645
Precision: 0.7704496788008566
Recall: 0.701091192517537

