LinearSVC(random_state=42)
Training stats
Accuracy: 0.8062666666666667
F1 Score: 0.7506863417982155
Precision: 0.7472245943637916
Recall: 0.7541803137390105

Test stats
Accuracy: 0.7394521095780844
F1 Score: 0.674168542135534
Precision: 0.6814964610717897
Recall: 0.6669965363681346

