DecisionTreeClassifier(random_state=42)
Training stats
Accuracy: 0.9826875
F1 Score: 0.978017617649393
Precision: 0.9694776589049717
Recall: 0.9867093674939952

Test stats
Accuracy: 0.8695326168457885
F1 Score: 0.850857142857143
Precision: 0.7743109724388976
Recall: 0.9441978440076094

