DecisionTreeClassifier(random_state=42)
Training stats
Accuracy: 0.9884
F1 Score: 0.984963705496025
Precision: 0.9875238260266852
Recall: 0.982416824685399

Test stats
Accuracy: 0.8146370725854829
F1 Score: 0.7822410147991543
Precision: 0.7446332737030411
Recall: 0.8238495794161306

