LogisticRegression(random_state=42)
Training stats
Accuracy: 0.88725
F1 Score: 0.8590184432635197
Precision: 0.8389558845977714
Recall: 0.8800640512409927

Test stats
Accuracy: 0.7843039240189953
F1 Score: 0.7421571556617866
Precision: 0.7016949152542373
Recall: 0.787571337983513

