LinearSVC(random_state=42)
Training stats
Accuracy: 0.8991875
F1 Score: 0.8751451350723741
Precision: 0.8470182798921186
Recall: 0.9052041633306646

Test stats
Accuracy: 0.7935516120969758
F1 Score: 0.7589025102159953
Precision: 0.7030827474310438
Recall: 0.8243500317057705

