LogisticRegression(random_state=42)
Training stats
Accuracy: 0.8089333333333333
F1 Score: 0.7537800687285223
Precision: 0.7513272820688474
Recall: 0.7562489225995518

Test stats
Accuracy: 0.74125174965007
F1 Score: 0.6747109100050277
Precision: 0.685743484925907
Recall: 0.6640277090549233

