RandomForestClassifier(random_state=42)
Training stats
Accuracy: 0.9831875
F1 Score: 0.9786863164566992
Precision: 0.9686323713927227
Recall: 0.988951160928743

Test stats
Accuracy: 0.9315171207198201
F1 Score: 0.9151177199504337
Precision: 0.8946093276801939
Recall: 0.9365884590995561

