RandomForestClassifier(random_state=42)
Training stats
Accuracy: 0.9892
F1 Score: 0.9860752965446107
Precision: 0.9833704783130465
Recall: 0.9887950353387347

Test stats
Accuracy: 0.8892221555688862
F1 Score: 0.8668909178279673
Precision: 0.8425969173283513
Recall: 0.892627412172192

